feria. 11. 18881118. 1111.

311 8111 8181181118 81181·

88 8881188811 181888

8811 88 1888188811 11 18189
88118111. fin. 11. &fita
’1581118111 81111 1111811

81118111 11 8888888118 mali:
111 111 81881811881111 suscipi:
11 1111118111 8111181 8888 8ὔ1
1818811 8188 8111188. Sin 88.
fin. 91118. 85 Ὡ11118115. OEfim
fiDmne 8811811119. HJ] 111185
119. efflant 11881118. 811. 81Ξ88
8111181181 8118 888111 1181ι
811 nuniz 81 188 888851 11111
188 8111118 881811119 11811 81
niet 8118. pff. Qajjt. 818. De
uz 81111181. {oe 11881118 8111
8111-1111 1118 ΊΒῆ81119 {t 9981
111111 repetitione 8111881 qud:
88 81 11118 8811111. fin. §iubat
1118118 1181118 nuniz nitere:
188 11811 88111111 8811811 11181
tit 8111 88111111 1111 1811119 81
1118115 nocebit 885 8111111111
ueritatem 8118. 811. qm 8811
81118111 1118 18118 11118111 88ι
tebit 888 8111111 ueritatem:
11 881 88111818 18111 annun:
1181111 nuniz 8118. ἃ. 31111 1111
[1811818881 8818 81 11118 at:
cipiet 11 annuciabit 881118 81
1118884] 1111818111881111.
11111818111111 1811 181181118115
11 8 11118 1181881111 &inauri
111111 111 ,11111118 11118 1111111811
11 8111818111 11 1188111111. 8 18
18111 11188, 111 111-118 81181111.

8811. 11. 181181111118118. f.. 1.
318881 811 11 8111 111111
181811118881 8888111111

11188885 881 18111 111 811811,

118111 18181181 91])111111 88888

8111 1118181811 1181111 11111 18

1η 11111811ῡ18 881185 18118111

tiz: 1111118 Ψ ,888118 11811 ne=

1111 8811111118 88118181. 13111

1198118118 numen 1811 118111

huz 111118 81181 111 1111818 11111

111 11888888 11 8118 8118. 119.

(1181111881 tihi 111 11111118 1118

81181 i 8818 81881. 118888. 1.11

81118118 8811 8888 811
11118111 1188181181 11118

81111111 1111111811 111 118118 81

1111111111. &i quiz 8811111 815

strum 11181811 1881181181 881

118111 8 818 881 881 8111111888

affluenter 8 11811 8881881181

1188111181 11. 13. 311 1818181

81 11118 alfa: 1181111181 11 8118

mc 11811188 1111 8 1118888118

tuiz 8118 8118. 89. 3111 18181

11118 8111181181 1188818 188181

11811 81111111 tibi. me. stet. 111.

flDflulet 8811 111 1181 ni:
thil hesitans. 1113818811

herirat: 81111111 111 fluctui 1118

tiz 8111 8 81118 mouetur 8 111

1811181181. mun 1188 estimet

1181118 1111 q) accipiet 8118818

8 8118. Β. 3111 ecciesiiz 11111181

1111 818 81181 8118 8118111189

111811. alra 8118 81188. (11811

1811 8118 18111118 11888ε1818ε

