jn 15115

1555551555 55155511 :Diu ³31 31115515511515555ῧ55

Qtnnccue 5551511155 31] 1' ἷ111
1155155551551 415 5329'1 no:
51155155 ’5ίῦ 111 5¹1 11551555
151155 55 1555551 5555 [41111
5515555555 51559 515115 n}
«1515115 et 555515. 111 51151555
111). 551 constituisti 5115. 115115
55111. 11515115 51555515. 111115
1195151111 5115 [ms 5115. marm
515. 5151 nitunt. Β. supet 551
cst 5115 55511511. 11115 55 5115,
5515115515 51 15 15115 5115, {in
51. 55. &uberim Defecit&-
Gum 515551 51151 115555

555 515555 spiritu 155
115 1111555555 15 telum uiuit
51511551 551 51 iesum st5tem
5 5511115 5111115115 51555 te:
155 5551155 ct 11115 55151515
11511155 5 5511115 51115115 551
Β. 1195151515115.ί11111 5115. 11.
‹augon-5 5515119. &mgna 51
5511115511 5155541. 551555
cc nmen. 55, 555555151511111

5511115 autem 555159 55

5155 55555555 clama:
5515555 515555 515555 55511
55 55 1151555 11115 hut 55515ι
1551 et tum 551 51111151 55551
51151115 5551155. 13. 3151155
51 551515 rum almum, m*
&tut teuguss 51151555. 115115
111. 3151155 551. 51μέ1 finge:
hit 11115 alleluya 5151115 215
1155 511 ᾶῐ51551511511515.55

11555111 3151155551511 5 {Da
1515115 1511115555 1511 1511111
51511511 55515 11555555 qui
15 numeru 15551515 1555519
511 5115155 511555 triumphat
15 55115 [51555155 5115. 11151.
5555515551. orm 535 55515
slss· 5535515115 55 5511511515. 5
1555 5115 51115551 555 uz 55
515 55155 511 15155151 5115. n

515155 1515515. 5151115555ς
sumuz. 5351555 fiat 51551555
55 sancto iohanne 55. (name

5555155555 511 555155 1555
555 qui 15515 551155 551 15 te
55 recubuit 11 315 55515115
(1111511551 15551 11515
5551551115 5115 5551559
illustra 51 55511 15555515 5ε
5511511 151 51 55555511551115
1515515 1351111515 55 uuna 5
555151 [5515115155. {Det 5551
551115. (1 315 515 1551111555
515 55511511 55 matu imni:
1515. 555155155 155551 anu:
55151551 flaui 55115515 5155
115 155555551 5115111 555115
lum. 55. (uenite. {Dymsslffl
3155 15151115 5515 lumi
atiaziacuhenetnnniu
555555 1513515553 5511115115
515 neniam 1555511555ε555
55511 155 515115 uate mise:
115 Hunue 155 (151 5111151
m 551 5551 {pet 555151 1151

Dintufw. (11 ῧ1555559515.5515515155 ffln 1 noctur 511

