11511111

111. fin. 11115 5115 11115 5115. 11,

Ὡ11115115. 115. (1151111551. 155.
ἹΒ151115 uir. 351111 11151. 51111
1111 an 111511 11155.111111115 ᾗ.
ιβοῡ 11151. 5115 1111111 51 11111
55 1511115 stati 1111111151 5155
{Det 5115 11111 nnuma: 11351115
1115115551 Εῑ111111 119. clun:
1111511515115 11111 1151191111ῖ1 ἰ
seculum 11111111151515 119 QEt
111 1111511511 51111111 obrem. 111
n. [111151111111 55 1111115111 111115
55 1511. 3111 1111115 1111511151 511
11115 51151 111. 11. 1511115 51111ς
115 115 51111115 111 111115 1511115
11951115 nun 111115115 151111111
anfi. 111111 119. &epulemur 55
1115511 111511 111 11111111111111.
91115. n. 1115111111111111 1 55111115
1111111115115 11 1111115115. 11⁰st
15 11111151 5115 11111 111111115.
ebonem 111555 51111 anfi. 51
511 11111.11111515 chun. 55 n}
1915 511115 51111 5 11115119 11111
115 111 155111111111115 55 gra:
511111 111511 hit 11. 13115111111
5115. sputus& 11511 11111151 uz:
55 1151115111 55 1111111155 1111
1515111 1111151115. fin. αἱ1111111ε
11111115 5151111111 11115111111111
1511151111 1151115111111 magnu3
115151 5115115. effiag't 11915
111)111151 11111111111115 5111
5111511115 51115 nt q te:
11111111151115 55111111111 suff:
1115 1511111115 1111151151151 spi:
1111151111 5 1115111 51111111 tc:

1151. cmiii.

1111115111115. {Det 1111151111 ἰ 11111
1511 11111515.1β511 515111 5115
1111111 5115111Ί15ῆ51151119. 1115
5111511151 1111 1111511111 55 1511
115 111 5115 11 1111111511 51515
15 1115111115111 111 111111 11 11ς
1511151115 11 1111111115115 {Dei
51 51111 11 11111115 5 11115119 515
151115 Dc. 1'1'. 1511115 5111151111
qui 11151111 111111 511115 et 5 1115
15 1511111111 1111 ι511. 9115 5111
lupa 5115 5115. 155. 11555511
1111111 5111111 15115511 1151111115
11111115115.ῑ3111151 th03u3 11
115111 5115111 mimum 11. 11151
15111111 51151 111111 5111111135
{D 111151 11151115 er 115111 1511
15115 15111111 51111111 1111111111
11151. 111111 5111111135 5 111 51111
11511111 15111111 11151, 5115111 11
pust nnsiqu‘c'tss ncrsst i ntrasss
115111 11111151111 mimum 5111
lupa. ,11111115 11151. 111111 <5102
115 115111. 51151 1515 antiph.
wemno 1115 1111111 111 statio:
nc 51111 1511115 111 151111111111
1115 11111111 151111111 1111111115.
119. 1151111511 1111111 5111111 1511

5511 numen nfu‘. 11511 teneti:
[15111111 alifi 11111 neuma 11111

15115 1111115 1511115115 51151 15
111555. 119ἐ111111111 5115 51
[1115111315. IBe· fflui 11 1151115,
11111 53115 nobiscum. fiDzatiu.
131115 115 5115 511151 nt
51111115111111515 511111
15111115 1511111551 111111151115
αὖ cb · 11

