151811 188111

11111811 11888 18811818. Ὗ,11181
811118. 11588818 885 881115
88181 88 arentin 81115. L, 1'12
QEr 81 88811115 88 1188
118188 818 [81111818 11
> spiritu 188118 replebitur 88
881 11 81118 8181115 181 11)81
81 1818188811 8811 81888818
8118185 1118118185 inter 8888
18115 1811811185 118 18 11818
881 1881118118 1185 erit. mun
18181 811118 1811811111818 811
8181 sinistrum quin 811 18181
1811 1811181 881111 811 8111 118
11811 8181181811 11181 isia mi
1811111111 11 811111881111 118 i
comparabiliter 81188 81815
18811811 iiiiii. 13 &itur ru:
18 18111 181118511115 88811 181
11181 111 8111817181 81188 sua}
maria 81881811. (8118118811
18181 1181181 qui uitale 881
88811. 119. (88185 1118118185
1885 811811181 811 8181818.
11811811881111. 1511811118 {van
81 8811 stanna 818 qua rum:
881818888. 1111118111.
3111118 888119 88 3188
18181 881 11111 188 que annun
tin 11888 1111 Qlum 88181115
88 8811881 8811881 88111815
ihi 811818 anna 8181181 1885
que 81181 11811818815 11181
8811881 sollicita 1881 18 188
181118 88881811. 18115 811115
88111111 8881185 811 18. Ue:
8118 88881811 8881185 8881

for. 18

81811 1185 811185. 9911185 111
88 111 81 8881111181 881115 88
111181881 filia: que maria 88
1818ε188 815 818111115 1111 81
8181118. ibet 1811181 8111 181
18811881 81188 8818815 181
118181181111811 818 generabit
ia. 111188 11111 81 188111 ge:
11115 88111 181111881. 81818115
8188811818 quun 181181 811
811881. 31881 8118881 1811118
1818 finge 118118 8811181881
89 (Lince 818881111 signatur
81188 818111. 31881 riga 18111
18 11181188 nactur. 88. ima:
q3 181185 1818881185 8188118
88185 1111811 811 111 81188 ι’]
88881118188 nesi 818811. az.
11181, 1118118811. an, 1111188
881811 1181111118 188881 188
111 81111181 que 881115 fructu
attulit 8811188118 fame 81811
111. 851 118 EDeuz 881111 refu:
81818. [m 1118185 1111 811111511
1111811181 811 11885 8188185
nautam 18111881· 88811 hac
18811811881. 85. 111181, ,1188
88811818. 11), &merie 188. 151
81811118 §inuam inachim 81
81111 818 81188 11181188 811111

(1151 111 8118518 [1. 1111

1181115, 1885 11888185.
8111151818 Deliciarum in qun
8881881118 811181818. ,11885
11888185 1181118 181185 11181
18115. ,11885 11818 1188819 81
8111181 8181811 8118 18111181

