1118118181 1111811111

88 585 18185 1151118515. Qu
881581 88111185 811151515 118.
lam. ᾶί1181855 188115 casti:
181581 118818 1811118 1811118 85
untione susceperunt ,118111 8
1111118 15188851881. 11. 119888
1581 1111811158111 8151115 et 181
11815 881115 8188818158115 15
88115 ,88111 8811118 1111. mn.
1115 81811118 ee 51151158
11811 1881111815 111188
855 18 51115118 nominantur 2
11885 5118 8111811811 1181888ε
18 181818818155 8811511815 18
18581819. &eu 11111 181181 1111
1881111888 88 8818511881 51
11511881 1151111151. muare et 11
11185 18185 1815111811511185 ἴ]
188111818818155 11818181. 1111
11818 85151111881 88111111 188
18 11118188 18811111188 88 18
51188881 8881518111 1588151.
Qu 8811111 88811115. Β 11818
1811 188 81181855 1811118 nu:
81188 118518 1518811155 811115
18185 1511111 1111585181. Qt 111
58 15888111 18 51518818. fisus>
mnarum 118118111881115111 15
1115111 8585 51 1111118811 88111
185 1885. Qt cum 58 1588881
1111118 11888.
§Date 8815111 81181 ali:
11815 t 11818 si 1118115 1111 88811
85 111818 118815 1811118 neti:
1815 111 1111· 851518 inueniam
181. mun 118 511. mam 11 su:
185 8515111 181511181 1151151 88

for. 1111.

8851 nnn 181 8115885151 quin
115 1811185. ἐή 881581 188115
11111 111181855 1185 88188181
118815 188118 quinq} 81118
1188881811 1815111888185 18
11111811 88 81111155 1185 18 cst
88 8818511818 8111111118 51115
118111 1118111 8818881818 1151Ζ
118515 11811 88 18185 menori:
185 85 1181885 811158 nutui:
1885 851 88 18185 1115855 ἐξ
188815 11181185 88 81111155.
Qu 81115111 8881185 1111151515
nostri. 13111, 3888158181 nt
181118 88 1151115185. 111115 Qu
818 118115 11811181 181185 511.
1351881888. 1113115 1118185 85
81151115 88818 51. jn ianm:
0115 8111111118 1111181855 san:
stc 851 81815 1118 88815 111 115
151881 1151118111 1151 1185 atti:
11515 8151588181. 115. Domi:
n9 1581181111. {m 895818 88115
11811181 1811115 est 5115 spon:
185 115811 51115 88818111 51, 115
3[8811815. fin. 11918858155 1111
81855 8115851881 81581111 118
115 11115 18111 181811881885. 115
{Deua 85115 111585. {m 11]) ᾧ
11811818 est 18118 858518118
tum 118111815. 1118111185 750:
85811115. 8111111118 munt sut:
15151881 81111155 1111811155 1'12
15 51 8188851881 1818118815
1885, 1118111185 11888815. Qn
1111811811 11]) ᾧ 11811818 cst 18
118 8118118 815Α 88 1118. 11119

