3151119 55551· 5155551551151551,55151551111515515. 15 519 5151.

ᾱῖ quia speciosa 555155
111155 55 1155555 555155
5551 5111111119 51 55 115115 555
1551 acciperet (1151 155 511 ἐή
moze me hahere 515 155 5155
115555 55551155 51 51551555
55 155 uenite 51 5511 1555 51ι
55 551115 55 551511 155 &tunc
155515 51155 11155 1515511 ie=
155115 51 51551551555 555555
511 51 151515 515 5 1515 nitho:
111555 sacramentum tuznnziz
551 5155511 1151 115 1551111555 15
15 {estu 5511111151111ῡ.<1;51555
55 551 nur> 51151, 55 5155151ζ
{I ἐζῖ1511 11151151115515 155511)
affine 551 555 311115
5551151555515515 mat
15115 151 51551115 et intercessio
ne letificazt 55115555 51551519
51 55155 benefitia 5515151115
5555 155 555515 55155555151
11951· 511111. 55 matu Eume}
555151 1155151 QJt [ctera 55
[01 51111151111111511511 *cutm
5151 11 1551551155 51 5515111151·

(555 qui 15111. <Dm

555 55555 1551151515
5155151515 155111 5151551551
51 55111 1515511515 1511115551
mesta fle 51 quom 55555519
51511115 muneremur 5555115.
{Det nfim. αἶ155 155115 fiant
3111111515, 555151· 155115 5515
115515 515155111555 ee 55

15115 51515155 in tuflu=

515 tenebant 155 51551551555

5555551515 ee 155155 sereno 511
555 5555 5555551555511 555ε
5551 11115 que 5 55515515 ne:
tahatut fl 515515551511511 pe:
tt1' sanata est. {Lemo 1511155

315555 555 51155119 55

tet 555115 tt] 55515155
51 11115 ee 5151115 51115 5551155
155 est 5 1551551555 51511515
55515115 555 15551 155559 151
111 marcellina 555515 5551 51
55511 5155 515515 15515 51151

155 menta sterni et 155155 51
fidemne negatiAEe, 111..
151111 55555 5511155 55
1555151151 15 51555 5511111151
5511 555 5515 51111511 55 an:
5515 55111 15 11155 51515 que
555 15 555515 1555155 11155
5555155 5555555155 5551155
55551151115111. QEt 551 555 ue:
5511551151511 5155 555 ab 5η
55115 55155511 ee 5511115515 5555
5551155155 est. Cetera ’55 551
5151111155 11155155. (1 e{35111
511551111551115515515 51911151.
5155 sempiterne 1515,
5555 ι’] 55515 1155115515
51 155115 5155 551515 1115115111
5551511111ε5115 115 eum 115515
51551115 1555155551551 qui 515
1515151 51555155 55 emuna}
{Det 55515155 1551151155 11
1511ῇ11511515. 5115151. &t m
1555 115111 55 55151551111515111
5151151515 (Ῑςὲῖῖ1511 55151551
[fit 51 5551511555. {og-acm

