1119 11 [91111911

195 1911911911995 91111115 ani:
mum 911991999191 z 9119 111ε
191919119 11195 suma 99111191
119911111 9111195 91 99 altio:
1151111911911115 9111111911 aspi:
191191. πα 9111. 1911119 1199,

31111 hybernia manin:

119111 9111199111 19199119
195 111195 11119 anmuhatiffi‘:
11195 ,1111111191111 91 11911111 11111
91119119111115 911 91191 etum:
1115 911111111115 11911111111 99199
1111119 91 9191111119 11919 tun:
1115 111991191111. (Ubi 119 1999
11911 1191 9111111119 911 9119919
91191119 91911119 111 911111 111115
1911111 1111111191119 919119 suh
1111191115 est insumpto 911195
99 i 911111 1191111 991 semina 119
cessauit 119119 91919 91911115 et
1111111119119111119 1111111111115 41:
1191919ε et 11111115 111991111919115
magnanimiter 91111111919 91
1111 1191 9111911919 19111 11111115
1111 11919 1111191 91 9191919 fug
115 91 11919115 9911911115 tat:
119111 1111111911 1199119 et 999119
111111 humani 99119115 manu:
9119191991 ᾧ strenuissime 99
1111199991 1911119 111195 inte:
111119 11111111119 ee 111191911 11111
111119 1911115 199991119119 991
191191 119119. 111119 1111111

31111111 19111911 sup nm:

1195 111119199111195 91111
99111 11911911191195 91 111119 11111
111111911195 1191195 9 1119111119

1191, 1111

1195 11911111111111191195 91 iuti:
195 91111119 1119 1911111 91 11199
1119119119 9195 111195 99 199911
995 9119119191ε 99 1111111115 1111
911115 191119 9191991191 911191
119111 9111119 111 99191199 1191
191199 91111 1199 catholica 19
11111191199 q> 1911191 in 919 ni:
1111 11119 91119111 1111199119 19
111911 11199 91 11119 191119111115
111111115 919119 11119 1119111 119
11991191. &confi 9919 9911119
1911911115 11911115 9111111115 se:
111111 [1919111115 91919119115 91
11911115 1111119111 99 119191111 99
19119 1911111999111 111 11119 111ι
19111 119191991119 91111191 9119
1199119 91 911119 111191911111 tfi=
tentuzx 11911 11119 111111191 111111
(1119111111 z 199 11119 991111111111
111 91115 1191119 111119 119111 age:
191 11119919 111911911111τ 91115 111
119191911111 111199 9 9119 9119111
1911 91911111999111 19191115 ha
1111911111 19 19191911 19111 qui
911 1111119 99115 11119 9191191115
919111911111 19115. &enin 9111
91111911 numerositate rena:
11115 &plurimos 9 9911111119ε
115 119111919 1119 11199119119111
191111911911911 19119915 11111195
111199 119111111119115 lauit: 91
111195 9991159195 19119111 1111
1119191911119 confirmauit: 91
1191195 cimiteria 9 9119 1119 19
19 919115 91 111119 91119191111
999 1911191191111 91 9991191111

