Dsu'ca 1111188

1151 811 eni: tfie 81151115 5188ς
51111 151 et 1 51518111115 851881
1513. αΕ185551891 185119. 11119
111151555111811111151151
851885 55115188185155
115 51511181 1111815158515 1”1ς
1518511111185. Π5181115115515
11118111851555 111511115111111511
815511111111151811881151181 151
81115 181151 11111511. Utamur
5185 1181111151 1151515 11515 51
1151151151 158111515115 et 811191
115185818581 18115518 [Lite
18115 8815111 1151118181 1185 suh:
ruunt 111511155 1188851 8111111115
5581115 1811155155111 15111 tp:
18881515 Ὀ11818115 51111155
151881111881581115 81115 [111811
111 1115151885 8111511151551111115
518111115 118111 11185115. Du:
[1115 188115 5858511891 1118 55
85 1151851111815118855 115515
5518111111 15811115111158185118
Ω 5815815 51111188151111111151
185811 1118111181151115 555 55
851511111518111151 1111 11188811
811511. Ham 111811118 115 851
[18191 8885 55811 115 11515111191
11185515 11851851 111111 1151111119
511 5111511151181. ,1915118 558ς
181111111851915551111111151 11111
185151118118518 [181 111151 15
1881511 1111111518. 8815 119. Ξ111
85115 11115 5585 188858811 55
1513. 111 1111155181 15 18 5181
585 11115 11115811. αΕ115 8881
15181185 8115111851151 5115 8111

5155 18181151 111515 5185 uie:
5115 51515588185 1155 [11111 551
8118111155 18 8111118 118115118
18818111151 18151811115 81558
111815 85 [1118 {15 5881. fflfo

QLEu5 1181 5151588111 1118

81111118 11118518858818
11 5515111811585 1181111185. ss:
118 18181115 11151 nt 115 815 oh:
1111515 85818555 111111811 551
551115 5115115115 51511881. 1551
215 5511151. 8 &ignata est su:
1151 855. 519). (151185 1181 1111
1111118 i 11181. 85181. {iu ma:
18111185 1111111815 mun [it nu

515 1181111 818115 11118515 8815
181518. muta 1115811111 5115 15
15811 8181188585. 115. 11158115
11181811 18181 ἰβέῐῐῑῐ19
151 111518111 11155 1111155
118118 18118511 1115155 1815855
15185 1 85 15 5511515 1188188ε
11818 51118 15 158111581181
81885 5115851115 1858111811 ᾧ
581811555 11111111118811151 85 51
5115 51818115 S 1 1581115 11815
1115851118511185 quia 1151585
55115 15155 1588151811551185
855 1115181881 5115Θ185 81
15111815 85111111 1181 18118111 15
1881111 11115 mystice paschalia:
18111881115181181115818 S 881
1118 85515 551 [5151811111 5511
1815 1111111851 1 11118 8151181111
589111 1118118 1551118 559. ame
Ξη. 1 11551111 κ5851111155. 7522
81115 1111. 119 Dicet 55 mm

