0111000015 001

115. 0311151 0011. 011. 05101105
1101. 115. ,1130110005 0011. Bm
31110101 tum. 011011. 1130111.
flu. 111. 00. ‹Eunqz 1010111101
1151110111111000111. {mimum
quinem. 131. (ΔΞ110010 est ma:
0010110110 100 0110 0110. 119.
&unet 11105 0105 0110 0110.
11510110 11311. 119. 01110011 019
10 10011011001 fin. 111. 00. afile

uatiz.1355. metetitffisss.

fiDnuest'e'z 1111111111 115
00 hierosolymi& ne nittene=
tent 110 expectarent 111111111οε
nem 1101115 110οΞ 0001015 1οι
mutnet 05 mest. 13. 01110011
0105 10 iubilatione 0110 at:
11111130. 119. 111οῆ5 10 nuce 10
01. 119. 0111001115 105 10 01111
flu. 11. 00. 11101011005 11115.

0500000010. 11011111.

1011001115 quine bapti:
⁷muit aqua 005 0011 001111Ξο
01111101 11111110 100110 00 nost
1001105 005 0115. Β. asten:
0105 111510 01111111 0110 0110.
119. 1100110010 00111 101111ι
uitatem 0110 0110. 115110. aste:
01115. ,09 3111000 00 1101115
meum QEt 1101 111000 0110111
not. 1111 1010111 0110. 11001100
01 01110. 001101 nisi 111 011110
110 1110. 00 ssiri 0011111. 11101
Ε1111οῆ5. 1100011001. ΊΒ1οε
105 nit. 11000011 110111. 310
11110. ibi menicti 11101. 10111 1”1
01ᾶο 011. 01111101· 1111011115 011

fut. 11110

005 1111 0110. 1115. 11911100 001
B. 3111 10 0101111 0010111001
11 1111011011 0111115 0110 mut
1110101111 ee 0001150105 tue:
111101005 1111 aua 0110 0110
119χ 1001011005 001101 fuiti:
1115 1001105 quem 1111111111οι
111 10 1101111111 meu 1111 0111ἰο
1105 00110111 1110001111 0111ι
010 1101100115 011110 110015.
1313111 111. 1101ῑο. 0110. 1303111
01 111· altissime. 15⁹. ascenez
10510 0110. 13. 1101111110. fin.
111) 111 010111 0111 01110111 qui
1110010001οι 00011 sug um:
015 11105 0111001111 01 011111
11005 1105 0111000051 110 0111
11 1110101110 1101115 10 005 1111
111001 1111110115 0110. 01. effla
00111101. 010. 01001101 que:
1011105. q] setta. 111. 111 110111
110 011111. 0111 11 00011011 1111
0110. 3111011010. tt hym. 11101
111 011 011111. 0111 01111101 101111
11101. 011. (1101011011 001111 nit:
tute 100 10010010105 11 11101ς
1111105 0110. 115. &ste 10 01110
11. 00. 6101100011 0111 1110 10
11111101 011 0110. 1103111111. 011.
astenoit 0105 111 10011011001
11005 10 0011 1001 0110. 111,
11001015 010115. w· αΕ110010
111. {Dat 011 1011100101 011115
apostolom et 11000101 quoti
011 1111 0110. 011110 011110 0111
011000 011 000000 01 asten:
110111 0011111. stettin 1111010.

