10000010

&t niflinrit 10 100110 10101
000 01100101001001 010100
0000 01111000 11110.

&st 100111111001111101 01100
01 0101111111 00010 0011 1 et ter:
010100111010111109 001001 01
fartum 011 11110 10 11000010.
Gjt 1100100οτ111 111100 10001
01 111100 1000 0011100110

&t effuuerunt 10000100 1οι
noceres 1000100 1111011 100111
11110111 suan: 01100 sacrifica:
uerunt 110110111ου0 100000.
est 110110 est 10110 1 10οε
00101000 01 [0100110010 ’0 10
00011000 00111 (ze 1010110111111
10 00100111001000 1010.
61110100 est 101010 0110 10
0000111 1011011 a 0000110019
011 0010011010111 10010.

ΕΓ] 11001011 000 1 10009 000
11111 11 011011 1001 001001 0111
0001001 000.

gt tribulauerunt 000 101101
11001051 01 humiliati 11101100
01001000 001001 sepe 11001οι
011000.

1011 0111 01010100001111 011
10 10011110 1001 01 humiliati
1001 10 1101111011000 1010.
Gjt uiuit 111 tribularent 1 01
00011111 01011000 0010111.

fst 01011101 1011 testamenti
1011 a 00011011 01111001 multi:
100100 1011011101010 sue.

gt 0001100010 10100110 1οε
100010 01111 001 ceperant 000.

S 01000 100 000 0110 009 ui:
01 1001000 000 00 001100109.
Ut tfifiteamur 0011110 100 z
01 010110100110 10000 1110.
1300001000 0110 0000 israel
0 101010 010103 11010101 et ni:
101 010 uptus 11011101. fi. 101.
11])0111001101 0110 00οε
010 000001 000010 10
1010111 1011011101010 0100.
Ὀ110010111 001 1000011101
0 011010000 10000111 00 11101111
inimicis a 00 1101001000 1οι
01000011 000.
Η 10110 0110 a 0110101 00 a:
0011000 et 01011.
3110001111 10 1011100100
10 100000101 niam 1111110110
0001101011000 1000001001.
6101100100 <t 1111001001 010
001001 1010110 0010111.
gt 1100101101111 00 011111 111
tribularent: a 00 necessitati&
001001 eripuit 000.
gt 000111 00010 010 restam:
01 111110 11011010 1311011010.
(1001110οῑ01 0110 11110 eius:
010111001110 0100 111110 00101
Quia satiauit 010111 inane:
01 00101001 esurientem satia
011 00010.
S 0000100 10 10000110 a nm:
010 10011101 0101100 10 01001
111010 01 10110.
Quia eracerhauerunt 01οε
0010 0011 01 1001111001 0111110
1111 111110001001.

