efflamus

111111111115 01111111111111. 1110. n

01111115 11015 001111οε1

115 1110011010οῐ 0111115
0111 11011111 011101111 1111 san:
1111 1111111 10001111111151 111 1111
1111115 11111110 010110 001 11111
01111001 recipe 111111111119. 110111
[101111 1111110 011011οΙ0 1101110
11101111 111 11100111501111115111
11110110 1111011 011 111101 1111115
010 101110115 11 1001111115 0111
1111 111111 1111 [0111111111 1111111
1101 011011 1100111111115 111 1οἓ
00 1001111 110015 [1101111111
111100 11111οἓ 111011110 0011110
01110111 11 10111111 1111111 110015
nup 1111110111 111 11 0111111115
000111 111 010111 0111111005 01
1001 11111οη1 1111110105 sum.
Qlui 015 01111111ε 11101101 1101
0115110111 101 11111 1101 10111111
tufi 111 00110 1011111111 il„ 111.

QEt 111 110110 11111111 1111
nolimu 0111111115 01101111
’115 0 0110 11111 1111111111 11111
10. 11010115 011101111111111 et 01
1110111115 11111 0011101 10111110
11111 011011011110111 00 11115 11
111111 1101011115 010115 00 111111
10011 1001011009 1101110 11011
101110 Deserit: 11 1111 111111115
1111111 11111111 1101 111111 1115 11
1011115 111015 101111 1111105 110
11101 01110111111119 11 11111115 110
1111011119 11111111111111011115 1110
111110 0111115 00 1101 [1111111111
1111 1105 0111110015 0111001105

1111 115111,

,ff 01. 111.

11011 01111111οα5 0111101111 1'12
115 1111111111. 1111110 1111111110,
13111110 011111 11101111
11111 001111009 01101119
1111100115 11110οι15 0111111οῐ115
1110010119 0111111115 1111 1111101110
111111111 11101 1111 110111011 ism
1111111111 01 0111 1111011 1101015
000011111 0111111110 11 1110110
110 111111 11011 11111105 01010111
111111 111001101οη0 septb 011οι
lite: 11011110111111111111111110
1151 11111111 0011101111 01111119
15 111115 1111011 1111111111111 1110
111110 1111ιί1111ιο0 1111111111 0111
410011011115 1111011115 1 0101111
ρ 011111 111111 011 00111ῑο1111 „1³2
1111101110111011111111011011100
1101 00001011111 00 1111101110
0111011011110110110 01 1110 01
1111111115 11111110 11 11101111011111
11115 111111 10111111 01 1111111010
peruenerunt 11111 1111101111 1οε
111111 humiliter 0011111115 111οε
1011111 1110010111 1110111115 010
1101000111 0111111. &Eu 01111111
001111111. 1111110 0110110.
(111101111111011111011111
11111011 11010110 110110
00 0111 10111 1110 111 11111111101
11111111 111οἰ00 0101111011 1010
10111111υο1ηὲ 0011111000 1111110
11 110 11100110 111111115 cst: 110
111115 1111 010 11111011111111019
11110 0010 0 01010 0011110110
11 11115 1001101115 00111111111 10
110111111111111 111111 010115 111010
ὲ · 11

