318118 quinta

1111 118118181111118188888111181
111111 1111111 111. 11181811189118
111888 ῖ118 811818 188 88181
111111111111 ’811189 8111811118 fiant
1111181 1 111811888811811888
118 81· 8111881189 1881181
1111111118 1111118 81118 (111888
81881888188811818 81
11188 81888 1188818118
818 est 8881181888 888 88118
8888888 8188181811 fasta est
suh 1118818. 188181 18181888
81818811 in nustez 8 1888181118
8188 in matilliz 81881888 est
qui consuletur 88 er 8ῑ89 888
818 8188. 91888 8111181819 181888
8881881 8118811188181 inimi
81. 1818181818 8181811118 88888
1818 88 8818 888 tufi &t 1115
,11111 1111111818 11111111111111· 881,
1111181118 88 18 11111 8181188189
1 3111 81818 8118811 81881 88
881181 88188 11 fieti 88188 118
18818 818 88111 1881181189 qui
8881 818818188 est: 8818 8818
infirma. ,111818818188 188. 8
8181818 88 sicut 888 8818; 13
[188118 818. fiat. 1 11, 1181111111
31818811 1888 8188188
afflictionem 81 multi:
888188 1818118118ε 88888811
111188 88188; 888 inuenit 181185
11])88 888188818188 8188 88818
8888818111 88 inter angusti:
88 Γ111111ἔ1118 1888 188888
88 q> 888 1181881 ueniant 88
181881181818. 9113111888 88118

8188 88888818 1888188188 819
888188188 (1118811188 819 1888
line: ct 1818 88818118 81888118
81118. 581. fatti [81 881188 819
in capitas inimici 819 18888181
1811 sunt: 8818 888 1881119 88
supet 8818 8188181 8181111881
11881 iniquitatum 819 888881
li 8188 8118111881 in tantum
181881 8818 18818 tribulantia
181888181881 hierusalem. 113.
&tristia cst 818 1888 8118 88
81811881 sustinete 818 818188
1818 metum} 88118 81888818
turham que tittunuabit 818,
8188 1888 8811181181 et 888 88
8881 immolati mu 88818. ,8
88888 88818818888818 8818 ee
81188 8818 188881 18 818888
88181881. 8188. Le. 1'1'1'. 81811.

8818888 est 8 filia [888

881818 88881 81881 fasti
sunt 8881888 8188 uelut 8118
188 11811 18888188188 881888.
Qfit abierunt 88183 fulmini:
118 81118 1881881 subsequentia
188 <zet 888818818 est 8181818
1881 81888 8181818818 sue 88
881188118818 omnia 88118818
hstium [88185 888 88888181
8 818888 8111188181 tum caue=
8818888188 819 18 18888 885
stitit 81 888 81181 8881118181.
&inerunt 88 88888 et uetis2=
tunt 1888818 811188381811988
tatum peccauit 8181818181 ,8Ξ
818888 1118881118 facta 8. 1818

